1323304372
94689
26243686
19081571
277822
1405283464
26060065
451703096
19081573
5041667
478145758
462212945
468391470
410181427
467952048
469410729
449818741
1331535573
167827
569200213
355992
316686
188989
187672
188657
190473
25788001
26830207
492145159
450795499
4940455
624825
1391211574
407839677
640565
482172
1329475404
531040898
537196363
518117599
564879697
563717871
30953009
27759600
3986241
29966565
31473269
1294924781
2308499
1398247728
523251118
496869422
557584888
25707139
432509483
485960228
276294
474567886
4875306
433103084
528321355
527114557
553479159
32069952
1210461
470759757
32069326
31421442
21231299
22689960
28138228
529001115
444267215
1410154047
1405283464
28577876
28577877
29810821
36587484
36586490
34528692
36871222
534756576
444267215
1357785909
1372526879
1364973839
35040360
524230437
28959074
441491080
29750825
21563184
16532462
561493928
452613551
474581010
35470530
28461430
506196018
1313107065
351116
544311143
420922950
467166600
494865824
518088273
410654865
371362
447281026
31010788
501220770
1321602273
34743154
31081299
540263895
438803182
503068773
33340188
36990266
354352
18611643
28283665
29027453
31877470
447925059
444267840
32924132
208902
28949210
1396973729
28219176
39443692
255020
28978321
209718
409872465
31877130
463262368
553479159
518686034